8695452
8088013
8457360
8611916
8631390
7970944
6764432
8556033
8096657
8540554
7215529
6719354
8353521
8278362
8213369
8136179
7923030
7903931
7711302
7476488
4751400
7303595
7228522
7222175
7220456
7220043
7219713
7219255
7219003
7021946
6972051
6905751
6764117
6746262
6699106
4898960
5599379
6629631
6515990
6564417
5434751
5949330
6164218
6289582
6211814
4012127
5870278
5719914
4286849
5806066
5786650
5409648
5318434
4993825
4983633
2420263
4080830
3874233
4008104
4093094
3974197
3559047
3219683
